823.708127570598,655.4015199144545
821.646325925494,572.2549306322547
824.7068709440052,614.2770617265159
812.5598358292737,605.1854444557089
804.6786443318362,559.6850006709727
786.7028746724635,574.0372387664997
772.1237819889974,523.9044632561561
773.178029688425,593.1944634408358
775.354736665245,587.0196670145446
749.8841331530565,508.9229573828202
761.9066194809747,584.9840865100955
733.6763354399119,495.8473456560347
726.8206188065863,531.2264525264587
719.9914295542843,524.0097310151752
724.1906617675215,572.8531297878224
707.9695428129878,542.434806051891
712.1614342299227,535.8273339709801
698.374850397113,532.2423374892049
702.2395426908979,530.2808639170618
697.6432109890115,482.85871332240805
688.376970314771,551.2061567755089
685.4905235440216,498.7561442840032
693.82803622038,509.76860400790775
675.2222630433666,514.367608597021
667.8390015025408,497.85192660717615
662.6243067513922,467.5941297556066
662.7010026869211,489.27191967055916
665.6120799390758,511.6986063038666
634.2804029662177,479.9372373765254
643.2228452851137,448.12852331788895
650.113000702328,461.24215705219575
646.5035820092348,459.04824197365195
632.4078676911138,445.5876797846827
631.8629901279376,481.5274372718713
622.9584013169962,439.4703015004031
630.7823753508784,448.23905240231323
639.3899026058533,450.83303552059385
622.8738416378197,475.6649795433808
620.2372107062376,482.82773609444325
606.8443827998022,459.9499646762126
624.2493032761331,462.83477590774544
618.1404834020937,442.97873517503103
613.3677814432264,463.22633362945334
614.2030298727909,452.465495641903
617.380881036976,436.072343911641
605.316479349412,412.40578572999146
597.6003936659106,467.4376610804554
607.3281567877127,422.3730040795105
599.1468780773163,479.8443608546043
607.790981314043,472.6711469508371
600.2383640354108,434.01890189212327
598.7050861416042,394.25136214728064
605.2238578171614,492.17948731170554
593.2509531098541,453.5098194148877
596.7808109595843,470.18119100656986
588.1345072976809,446.87203577776626
589.9631368627194,403.6508735520255
597.5843755032919,464.2321803765063
592.8618233276981,476.9853935335041
579.5222574302244,469.1485561535458
589.9004023850356,448.0814444402652
595.5699964535695,446.0409764432368
591.8884634673174,464.5193980262993
585.096129430121,474.0344784874736
584.1474319500195,418.866032025119
590.0802337545706,408.61744126583733
582.516229328917,447.5520534169914
585.2026970093398,464.4108865352435
569.7895973080393,429.0422560026962
577.7118513513024,437.5142523609586
579.4031486444371,426.44463271717376
570.0953933181088,411.4451036637461
569.0321873759298,440.132321674373
569.8288979850182,425.57694541006845
580.4937249789195,423.66258767174753
575.9156264766932,451.37203362686995
571.9517872356057,451.9321616816839
582.69791519362,444.642710328064
570.6102910052545,430.3151275243473
567.8084590043106,430.84010369361226
575.8684251539838,414.8441716874803
576.3390938139672,409.1990245981473
574.3742190998756,430.14339491056785
565.5611065293804,432.9631445343179
565.2320608258792,425.2958586786809
571.0369292938339,446.3570042045179
561.5978822469039,416.2491829396136
567.4816581929953,398.21450829072063
572.3508270332778,441.0382920294207
570.0852873581839,433.684601262933
565.5626459396204,423.9004392411325
563.7435393999822,423.9329758722846
569.9587316495509,374.3269053698536
569.4226405833394,429.61279991615567
566.4264347540283,432.89761771547614
561.2962998455299,402.2285974555413
560.1560617337029,444.60396738619795
568.8146132318461,444.5629542516414
571.775764722899,409.52080102587075
573.2605720987897,444.48687128543224
568.0750132439202,401.8652099904188
566.520968295773,440.56134886818757
561.9071013074253,412.77323757310444
568.0389339145142,441.9734221711932
570.0425277799443,447.3397493379864
561.3590412576042,410.2464687736768
562.5820791406824,405.11442996691903
571.7698049609592,435.68862469646285
555.7418550611786,420.72749595406117
571.2320494841033,431.7039923950414
572.0776370743733,418.2074110560912
572.6032186777402,425.71857098428904
566.3666099217332,425.74524005244587
557.6459179346032,403.9265061542049
574.6809876875121,433.49142972284585
564.800871534123,426.3424255517328
564.3899365057882,413.0559763631144
558.2579441536203,416.9877893324783
565.4308136469316,437.12908734256905
573.0118222784789,444.4583556787605
574.3500544630979,433.21605362465397
564.8295306798104,385.2991125583268
559.9727878478592,423.174390244287
565.4531805253624,432.95449982027867
576.6731849206601,423.1808448846167
571.2625736141983,426.8952185780592
572.1054194947359,463.4168239872634
564.0033737389857,393.9314756777977
562.6766780861268,388.71883076921256
553.3835768836935,410.46353362797294
561.1893048088277,397.27830653934564
564.3573524098969,452.0329201831485
558.3564577536634,428.50933273134746
564.4207035442453,404.03690614403644
564.8655471523662,424.3246589388717
567.208030722016,427.088931944328
564.1130655495447,437.2328340696611
568.0171137017658,436.0070857073938
566.7910029537684,440.5628216060552
563.6664860030156,419.33315513820844
572.3325338497514,439.15359705619045
563.0068543973948,442.7341482963891
570.589468455788,419.3952967886477
556.8057859206506,427.5614150344775
565.4231817878967,445.4020075922636
571.0110596948363,429.76713213870727
567.5943611040769,436.14371232381825
568.0864603137504,430.08273124479933
573.6021724801652,432.56816133276857
563.555831313998,430.5869439605665
556.1092041174461,427.1565818367526
560.1881354848833,408.63300744675036
559.9057348839018,416.8719470374294
559.7980318283735,426.23073968044105
567.7648811911336,428.6885906640579
566.9484234549782,439.7075984638332
551.7082198901126,394.1372374557136
567.0384650810537,393.310497116779
557.1876495529134,413.4132372366696
569.8459843734588,435.4600134337498
560.6347581933736,396.21712405917594
557.9481071642508,420.04963551137774
575.0158597106663,454.89105697520216
559.4527661982019,428.5795375933316
568.6111630840059,421.03516159139775
561.7046681673056,429.00529907173507
573.8168562150602,403.4188400009803
561.2668098365034,414.73534178937825
560.2155259485123,381.1885550184643
562.7447847651229,414.6875007944235
552.2095666632177,412.2079322991354
551.0894616841612,432.39347898319653
564.1208389601061,440.3210183267382
560.6779867223095,444.9612955462284
583.7373590854161,441.51758497261466
571.9890851563309,427.0725616110411
564.1492601853676,451.2035967783232
552.0833085851885,385.1249827465214
558.2813488152642,440.4446988537369
553.626033359462,431.53777507342625
568.6559190414025,412.3849511128588
571.8793461087799,410.87709656698706
565.0413993949123,417.2192031192865
570.8463458800484,416.4605853720736
565.9382921570577,425.314150150334
551.2464854863659,380.08524795199037
550.9993043747019,420.7299937445913
571.8425804832084,433.2539457220687
556.6820374772639,444.3505665829134
567.1222117007071,399.38123719433304
545.8589788542256,423.7979905842134
570.8517557568708,451.3659115555289
563.6506805311487,449.6891183737036
559.710684075919,414.19065954938276
558.3804363919551,411.2924558522961
572.9476578293672,415.2446858154417
561.1185682734232,405.9045625088129
566.07873273266,447.9296008575644
540.8190285856513,390.91758218262436
571.5213738950821,424.831455644334
555.1482056835301,390.7714831643646
562.2462974530803,404.7879102503706
563.9695671147502,409.27589870877637
564.5235585617315,427.30993980081746
569.9620860749791,386.6541698177632
567.1874681468769,411.7045177155163
572.65797928755,398.1636386325323
560.9946689133561,442.9571290258782
574.5796288739444,415.27288068140496
572.1458215311025,413.21746312779055
558.5419562204418,409.86893168574295
558.5000562970962,407.24004473454096
557.3039760161687,410.59966777827253
558.7975178186803,410.87525310087045
560.9485248175453,416.0681933023185
559.7378006284672,426.61864334233667
559.3966955335117,424.12840713990744
552.0441993456311,419.9692058012313
570.7900157508873,450.7986115944026
555.6670788976542,388.15622779028547
572.5372051540687,408.636531761355
560.1226880603422,401.3552368826858
555.0790025891881,428.3706510492494
570.6253387699685,431.847151931478
565.9177259247757,389.4372062377542
547.7554030313065,398.8804012482192
556.0872584889482,431.5563205493612
562.1843487145516,424.37935938893315
551.05812830117,428.755624152862
556.380327562848,418.1271914383848
566.5824633035452,428.6960879700547
566.6321205778669,424.1058441127877
564.4674018843237,427.31191648763337
563.6146613266608,417.55601465382847
571.0309615831005,418.58542736954695
565.963959308459,407.0026682264884
564.5522545851426,389.6296791236607
567.8833792406753,395.94725764353296
556.9568838650259,438.7005325483847
565.7529086287416,425.4251497333154
560.8923907150532,429.7662541041254
560.8122601098921,414.23983152695007
564.6174005924364,449.47217688583356
561.5665141217374,411.09576694051293
565.8282829002361,381.50684081540703
563.3861949273029,411.9057200278395
550.4623346544955,409.8712260734342
567.0751625848266,403.44101813837943
556.0805467194956,390.8964856794117
545.6638020412745,435.52310183239035
547.4562287257667,432.74643203411784
555.8548902474646,380.40760364876724
565.1881490149804,418.55320162176326
552.2331542873982,394.5765289889612
566.3488570516688,411.625435974699
561.1271424601142,358.16258010349725
553.3897804991371,413.066044192053
552.78762586843,411.80985903373835
561.9622909465734,416.4561500086431
557.7986687458707,434.1455499685897
562.6232675001885,373.58493595775036
572.1113532694902,450.49307575121986
555.604600363886,397.67264504965834
552.3470618602095,420.97522148274305
554.2668896437252,427.9979925411561
553.9516645586468,444.8312145067856
555.5296768118724,411.5490302161204
558.9499435505504,423.2120995364695
551.4244164461677,412.68498758377723
554.2249577121307,391.23675779158094
553.9622302199547,421.55431672306526
564.9915470379591,439.4187664104427
565.4339292867916,404.22055606934566
554.0267397479868,412.56441658996846
558.1812641540829,408.46086416649564
566.3099371283953,436.4973368378154
563.5102630339669,414.7119822818953
568.0331248443761,432.2054509969961
548.8351307555935,410.4407582927545
567.8749288346083,416.4659435869054
544.8711868621899,395.4893267285452
564.1772119222452,421.19922377409654
550.2077657410424,436.68467989389876
562.9882539434466,432.07043302118535
559.1049488952743,412.8129474807137
560.8362395220586,436.0774551867062
558.1967833872291,387.23779650192495
546.2996044122939,415.1641793782057
563.6448526130797,441.86065089921453
570.7402777992202,441.71206041730176
549.616512894386,373.4810785442744
564.1004303048077,392.9854377228451
550.1053774347187,429.84404650751424
566.9859458479644,440.6040845259933
557.5780295939768,423.4180925083594
564.885564802836,439.6338605437565
562.7078454601761,431.6505812611146
558.0379611947527,410.7531840675434
541.9752626385716,380.86003286910335
559.4682449505807,410.20180160074375
561.0173617245707,436.7494567492709
547.3217787521432,431.57620780984325
552.0394378931073,391.93153893529137
565.9371595037148,420.9017278456246
560.4324657612008,412.19734844319174
550.1604776550136,415.78090053038517
550.0283156423382,435.04126902748305
556.3340894274659,384.24088756728185
552.7689372267997,408.8033072010238
551.6757112427728,419.6749770085045
557.9268019377233,429.52752642344984
563.8728773896036,423.5682516428003
559.1224535169307,402.1908120900447
544.6575428193023,439.69781026066823
552.2704854620151,377.2668441461194
560.6908475048726,416.87523516978996
558.3262158759153,433.0852951627236
554.2420840540855,423.43357230731715
545.1930472902587,390.78540950639217
550.3335858917517,407.2498384290344
557.6871780997985,415.20887426876453
567.1153095719911,422.23572345745663
555.3191560716017,418.0661306525034
537.5551202365074,380.11560038975176
556.7343633905448,433.10589909636167
546.2410105362752,385.0340592986523
549.2378844033092,416.8543924620211
546.1404387382127,422.39016868416536
551.1407269069609,395.9632117733377
553.4742325106075,407.4290950210186
545.9186775920605,432.43563230332785
559.3502917252513,431.31334859972225
548.7430090764838,437.5090120903641
548.403899414678,431.5431870960974
549.9200098157149,422.1557692082569
546.8394827918487,423.1888715089801
566.4400109877475,434.8232363723816
553.1674012477419,393.85329065351385
540.9588120425462,397.27830653934564
545.8872888950738,421.7286307652443
543.9853229077804,407.33566018077465
551.1537743870808,410.5464249926948
550.2181918808107,401.74074505510254
559.6409074529463,435.3731014247992
548.3154810683902,419.2702906843608
552.2207501260441,404.4428644514263
547.2127349841267,402.3182515245317
560.2194212317553,389.9742400914445
549.8171631917454,429.29127364076214
546.6363781022965,400.42118869789033
550.3582773258202,424.36887401625245
549.1022574780567,401.63939486473606
543.3622360766009,397.52023870896056
557.4810898108512,405.23595100874354
540.508358243022,387.0513327139317
560.8146861732619,377.3294284916226
558.9680855275672,406.6052919186673
549.3332917581353,412.55814328414823
547.3262695482163,418.2004191913009
559.426292762712,426.85748342158837
537.5013785290053,407.3029337389787
543.4618577386652,411.45702443850104
544.2900644858913,406.992610593888
551.6172777281229,389.1026014072467
547.8247777325537,429.1897309379783
544.5769919381764,422.18097288935047
544.089839912667,400.15488032583596
539.5053170730005,406.8727269719392
539.5130593957465,390.7614587016894
547.3465733741207,410.9192202114741
539.0083488850273,378.1018869711531
532.3735447377347,388.2507140227504
549.8586633266294,432.5904951760619
543.0932375288817,395.5198869483958
542.3184929304608,382.10808471349475
541.3611152986027,413.6955727288968
553.8469893761339,417.6570160563079
547.5474739559861,380.11560038975176
543.172170240811,409.58745770012746
546.4622942810719,404.36227279881166
545.5967056509365,361.1896799953112
552.185025334255,418.97159268237976
568.0207096091546,409.524538557338
548.3447502101286,425.51552042426107
559.6897897809706,413.23118246922417
540.5263596760382,410.57245535173615
553.0056356956756,423.5069505833022
555.1391527211628,427.39734724575965
552.7129219137346,422.09264701726374
547.0771765920327,419.666575427589
551.2254056571752,410.9629508343457
553.6806368032666,395.5722668979338
549.345911950577,421.3815863668062
525.1408885351451,383.98351435116075
547.6025379427494,413.12857785158013
555.0683501006068,395.08556704446687
552.4271995229669,399.17497445432116
547.7840195078018,397.3568785055618
543.5561239738759,387.61187069865827
550.5080754963823,411.69335898730856
545.9014747477102,402.9797195691389
546.493246243922,399.69141808066894
550.3809152840341,376.67098350402085
538.1375205815883,389.93322352785714
545.351950476527,418.0210038561158
555.6276059197336,430.16175915062604
546.4121674026985,386.0788945602846
536.5782462534994,407.5209875755161
537.3694751111459,393.54422974688515
535.3288114037229,398.2464753856816
552.6350324811103,402.00687608747916
548.7452612903772,437.6406283183086
552.5046865584337,400.35494909980986
545.003559472402,395.16549278394206
543.2220411095841,401.1124629592894
532.1762154543404,416.52324426920023
536.9813870843491,397.77919172956217
536.5611065070053,435.1316704177863
538.8492825382755,404.64791365999156
543.6068357756442,373.6689383750222
540.5666785602341,390.4487935989536
545.4274211148054,411.12796020207526
550.0894240377821,398.45259360334904
542.0842493503646,397.4394953659304
534.3736001063503,372.8949233868397
549.4497897097061,409.4210839089224
544.961143280836,387.0801855543374
549.233128830406,393.54422974688515
546.5891010195925,418.9425553620222
535.9904416834678,388.72412844415857
544.2907966764603,422.5489899593894
538.9064253935408,400.2939435408132
546.3642820672217,412.75182502543123
542.8338313167804,399.69561623334744
541.4598226206261,410.3770170364318
550.9773426192194,391.0788743691771
552.2717069225388,432.2687509389024
537.7131062473411,401.1159473432462
543.3094733724213,358.16258010349725
541.5540192559065,411.04121560931765
528.236929334002,409.6048161689334
535.7224245029997,394.30309524437354
547.7747828634895,387.50331773465484
538.5361649628,400.918318345932
542.1705933583612,393.19023011183845
533.3967167710523,419.08686726149784
536.8423691294776,385.5750883840136
539.1783821198297,375.4093078949156
541.8513643668724,399.64405536016613
534.4719224771451,393.99076064342216
549.3255863562034,425.5785197776866
534.6932534481298,404.0189612035784
539.0047854500666,410.84816770769567
527.1418926681721,393.54422974688515
542.0854840413158,421.5177531123662
537.9291333204168,411.2763194834707
543.9291299764195,424.4623694168927
540.820257411868,412.11981166967325
556.4013275476663,442.30644417329796
542.0308587883231,418.5249299405163
537.6738656095079,406.26105445530806
537.6180629863743,380.74369293959217
530.231834779182,405.41338369260507
538.250391620506,398.81433300757175
537.7604626370476,404.7879102503706
546.0614012048327,423.9380930863413
544.3522484845637,385.99060766160125
537.1052909042666,374.9130605272882
534.1065450275962,422.14434242222535
540.3438564420071,393.87406401349995
551.4038747735281,439.694134584964
541.0522459155092,383.5037197094644
534.3222923932802,377.3294284916226
528.004860290104,427.55096762629614
539.8165413585324,438.90093525984094
532.6371926445968,417.6465981069679
539.8432218742334,399.54750976252353
528.2643258259253,399.70699874573484
540.7792225987619,422.11617053267537
541.067214043132,400.71047393879456
551.0591560189071,403.28860645261756
533.2098058424774,382.2284141451553
545.9415567680611,409.63975478527004
529.0871780837765,385.933734752114
535.8744353531691,388.54653326945805
536.2097896772292,416.27880281046146
540.5169376764827,400.9296418378609
543.3811389544757,418.3077527445684
543.0833386066241,383.64754761592536
530.8232355999162,414.0986619471351
538.7374069944592,402.5681703354199
541.1674201378804,377.3294284916226
523.8327267898684,408.6266787258518
533.6749512341343,419.41564179985045
530.9706523580265,399.04942578020234
541.8889919843265,420.0014980571308
538.4242576981691,392.317698846497
554.3369040871773,393.31075400307907
539.2627497355552,408.8583158050669
535.7947589309684,400.4892950313551
534.4499786601783,397.27830653934564
540.6409445581164,408.62453719651535
541.2534755233113,389.1711893761491
543.0647353609465,366.08866564884386
541.9837861782572,428.5666792016012
555.1836175425836,407.84208947327625
539.3317046152631,393.8011568643638
541.9597823794802,388.72412844415857
544.4791857246877,426.1457678515563
536.1630986129612,403.38586363272117
541.3475031803263,413.6860379060642
541.1025519210546,394.30860021261293
531.4488741348534,401.7254349889377
533.6860985289472,420.81839340548817
542.2319879241148,410.2125591746375
532.7252014885246,386.2363742021105
538.3768247546519,397.8237506767958
539.3635154501645,406.1678766944183
552.3224572105962,445.65085770240154
537.7865350088053,434.63856373723274
542.6772533691312,390.3159716590696
545.9650205102785,368.7752503964356
549.6837649890795,417.55419287998956
541.8568659254062,392.9038361018652
544.5213577934213,408.2526115945843
531.7751637031485,393.47749562241887
543.5363477373194,388.72412844415857
542.9971270211215,427.81604424316936
532.0227663764523,389.35753082663797
544.282836073374,417.7451977159607
529.8810723263014,412.6931472703261
537.2411425283021,388.602084251248
544.8944591606404,399.7209845184578
545.5382378845328,386.77021041943755
539.9948898062827,424.02413685691687
536.6730920309332,401.36796885677506
542.2990286606841,400.58001283690464
529.9018298342712,389.1982854836723
531.6834899550713,416.0303732613121
540.0791460887453,419.3818531868728
529.7821831835857,388.71883076921256
532.2195063649165,424.75833657752827
535.6675979101233,374.46843865645894
524.0806665820846,416.89432772881634
540.4473953861817,380.3082935484483
542.0593202783406,388.3148877062679
536.4777785812396,375.21661473621907
542.2861772321019,403.5980755884773
538.6537634795372,395.4177232521399
542.6274362722324,428.58836131626697
535.8581036154487,406.60196084224896
536.1353787380879,404.40518790628505
528.929663488192,374.6971937032507
525.3230162170058,403.2830562211608
543.8355569650623,409.27589870877637
533.8349832913636,408.5091415666077
535.882256122091,427.2244985871514
529.524659620795,401.26339210041755
527.5837955212586,401.17310830698875
536.5119207831244,408.241282862147
532.5969289385657,387.23779650192495
537.2710760192656,402.8217891065516
544.4528077955767,425.1100524022977
529.4609373163588,399.49114887584415
533.7807226406729,396.9411920454747
531.5505676680207,377.262034065086
537.4758645454316,374.3269053698536
543.4907115737147,396.37518204648717
538.4675913228899,404.3326476375118
528.1238794666068,383.64754761592536
540.9890020776634,405.9208196080277
533.6817318687175,412.3769903989597
542.1334846849579,414.8877638982556
529.1516035554482,391.1265148343136
534.2758405280608,394.47308902775006
533.9403305139205,407.95311274375956
534.3379973426612,395.3266871152041
524.2615734834044,399.62068001877554
534.8204333402495,403.78382254599126
529.5676822078208,397.2542314655974
542.1909847824415,399.11584491951635
529.4743096208889,421.9802166358887
525.6305842675803,407.56080063822776
533.6807165453187,397.27830653934564
524.4091646148955,377.3294284916226
530.5300718319427,413.1220056148132
528.7434546481452,372.48175258851535
527.0367197856913,418.5881866335698
527.1073409068274,374.64566101008074
537.4314603119078,423.06151815650696
538.6522983436039,405.1259464131392
540.4330793238817,418.6896375338441
535.8055291794047,423.1803041380187
532.3812003355915,417.2531229111463
533.3631816241738,398.5264304784262
535.4858602932492,410.6607606790003
522.4217474895017,405.1375593155536
539.067521554602,402.8622342597165
535.2721863725202,363.57271053397204
527.1294743079292,393.47749562241887
528.5276773589809,394.05931511089045
528.2673189099402,404.01483057304904
533.0531874160898,381.35947542330433
526.9669318270866,416.88771149683697
525.1155053270404,396.1333603209956
532.5249387986427,405.3080162874629
536.8132781008215,395.7541000347189
532.8277876569063,400.43212498320565
531.1705753158287,387.8008397630878
532.7775901348587,388.43215746847187
518.4808311095119,391.8017650455324
521.7806671770784,402.37825332811076
516.4264175177639,379.9224428840579
519.0510108048936,382.39202774567644
521.133990294943,371.0980480056135
532.293969842241,359.64730130906037
512.8062736764517,405.306119214998
526.6552069506017,426.0143991707354
522.6837625902103,368.5101971367611
511.40900356490295,400.4654228784085
523.2284824803776,400.55334810379986
525.7295521768862,383.086353670051
519.3495139307835,375.66672037371126
528.2543756627514,390.1865813909342
520.2223589115938,384.9642150474661
523.9405982472099,396.2500512111171
519.4794382750441,397.27830653934564
521.0700813610797,388.86528890968526
514.7550073453189,368.5101971367611
520.2038381252249,382.4933332534666
517.7398109138733,387.9482051551905
516.9259319511726,421.30281202524594
523.2049880246615,411.39325713363496
521.896961851202,384.14897673522904
513.0389579760464,382.2284141451553
520.2107419891713,395.663882899273
518.2508480225611,397.0401580819322
522.6740959719394,394.59690896851595
520.6379506578779,374.6971937032507
519.3902461022557,403.08182421185217
523.2795356782115,394.51985137766485
507.8496963122224,388.50758086496444
517.4521700335531,378.68361840673793
514.2653223470728,366.04038824873186
503.53542819758513,387.71146847621645
532.4342482029472,423.37477798932485
512.5541626187152,383.86865617653075
524.4197138586901,377.7095827608046
510.73890699191173,386.49403039690276
519.4445155187494,421.6339987643162
516.695007379509,406.27494448257005
523.4077214589796,409.23564452816794
530.3170768278094,369.6303726552814
510.0061321215408,367.8855410300701
521.3287768110611,401.78043577267107
507.27211207498715,366.08866564884386
515.9944396688056,370.01407487375553
516.2073650905265,387.7035126288543
512.1070226097984,394.05734474553145
508.3703436689508,413.66152053336367
516.1001615034938,388.826150989029
529.5516724787161,421.73554001874055
529.2848918560903,404.00640806054884
509.48450218458095,404.18324267064236
515.9294622309791,381.89339703523007
513.0455632870851,377.05193962826917
519.4785479683088,400.92114322667163
513.872359770458,405.0491979489858
508.975522755673,393.2138733598006
518.5466838534257,387.71146847621645
517.1732540894569,387.23779650192495
519.4256135492244,382.2284141451553
509.65747866569313,391.60326361032867
516.6435720826045,382.2284141451553
513.9970120034284,377.3294284916226
510.0070506996126,389.8676010364418
505.50092344363105,359.64730130906037
516.8947029280366,386.5592218641546
514.9541785336446,397.7770824127092
510.36623912429235,381.4701206640625
500.47735738861047,391.8017650455324
511.48755965387323,390.7614587016894
528.0291786629073,417.51410662234247
509.364326818349,409.17044555392613
512.1726331431513,396.71742899852416
526.309495629989,382.2284141451553
510.6556491679162,385.0098913434682
521.3070289514292,382.39202774567644
520.8487231926657,387.8008397630878
508.9353153741535,377.4930420921438
517.7954568980605,390.78540950639217
521.6449416142547,380.0668397974131
521.692173697253,377.3294284916226
510.4014823145255,375.21661473621907
508.63943571353843,382.39202774567644
512.3458566259646,385.933734752114
515.120012490499,402.8217891065516
506.02377704539026,390.78540950639217
513.2457180868726,378.68361840673793
521.7193250212694,393.1535099604939
514.8552527045856,392.26571091804277
513.4427099462188,382.2284141451553
513.4951758926663,389.5792507030044
507.41312889516155,377.3294284916226
504.8609735774796,389.04796238876173
515.3798366396791,382.2284141451553
514.3416702533916,404.0129234261903
514.3936422315091,384.1889031269027
520.2934756703719,405.7084778131299
518.6710376572822,399.63305246436414
516.2068064057282,395.69389648213223
514.253106362883,390.7614587016894
511.275045190238,392.7208508329861
514.4923328528001,372.8949233868397
516.5054177683155,405.24664964975807
510.8262861027597,388.8395207015385
505.88547526033454,392.89193181929363
523.1942773596746,382.2284141451553
518.6027131466337,393.76742850697633
511.48683040677105,376.1705265499823
516.1688029527412,382.45579301944144
500.26872741666705,383.086353670051
514.6700903656798,395.90936296076734
502.89650472962165,391.39989050668174
503.35443796701543,391.0788743691771
505.16683158826896,384.0124840829916
514.4870668010263,373.6742360499683
503.6375964306909,366.04038824873186
515.5650724586443,395.85361455653623
507.29573968107104,368.47169618750473
513.8548746707603,400.2507352001438
502.51261595760303,381.8283315469428
506.9318294271681,395.2896606485209
499.69084311981425,389.76865138101715
503.03239059861073,386.91240967375086
509.2399526162599,395.7541000347189
504.4589792900741,388.55099537477594
509.3826345468926,391.0005558000833
507.83524549906355,395.53415066574286
509.6506678033469,396.29306517924147
505.16341254854524,376.442536391307
497.02927718752306,380.86003286910335
503.2403457695767,387.08025868005467
514.0219464670762,382.81248282268376
499.2325511838297,380.9600457626626
501.2924447473183,382.2312314112052
499.7348807845184,389.72468445406173
505.55833324756173,373.4810785442744
498.83376369027974,367.8855410300701
497.69556763953426,363.57271053397204
506.4158099617542,381.0273059610136
503.43270713845925,395.6396498234558
498.66958476846224,391.8636051202015
501.0769643345777,388.72412844415857
506.2019591834461,400.0949494012365
502.88562961482575,402.86650070663194
498.9210952682479,379.49991282815904
507.24859882710734,389.1026014072467
498.2624942045857,396.9444992929377
501.5583105882645,401.0190034240914
494.455837261635,388.7757554277735
501.0241810059516,390.1413830874024
495.66907320036074,371.0516777523603
513.1926047603743,384.50765876712984
508.502730563639,400.31124319228854
502.46740624364895,394.30659866074205
506.12215340313895,402.00687608747916
503.3857366484289,371.38543499237824
506.51535282819424,374.3269053698536
497.1461352075744,394.02405853862496
501.27017047022775,383.39225413651485
499.6550781358644,391.79629347807565
502.8467755720739,393.27962017867435
499.16760839192926,380.3082935484483
500.58283682524075,362.9865553765374
497.9191745594196,383.521588581695
502.4697999372895,382.39012059881765
501.5039368694439,397.27830653934564
494.69928287250764,382.2312314112052
495.60775825732856,377.3294284916226
494.2088187278309,380.0367160389456
504.55176797882154,379.6236747133879
495.3033047172667,399.6574948342035
496.43553807323684,382.2284141451553
497.04545063409853,377.0286915487417
491.1009303664575,385.0774270996496
499.6435666846497,372.8949233868397
489.99051494931234,377.3294284916226
495.95730972528514,373.4810785442744
492.0275388926159,402.0786183810751
499.6059967724779,393.6501262620692
492.28940865050293,392.8028596112064
491.8010676627377,393.9244385786013
492.56998925159684,388.76499334376007
497.22625906084147,377.3294284916226
497.37919685914926,368.47169618750473
491.50123216991744,382.2312314112052
490.69800679820173,397.2097652191892
499.9283405232313,382.537131877669
493.18908869083765,402.7112276215087
490.4263200229685,382.2312314112052
500.6380530867128,373.4810785442744
494.03337341316853,391.17618643853194
478.7089512240559,380.86003286910335
489.89331933270654,384.50765876712984
483.26038153816336,390.12718052399896
487.2647164498272,385.3176759052179
497.37073676021794,384.14897673522904
493.6173760091255,375.4093078949156
488.9626981899784,392.6060388030622
494.7848058792783,383.0811896535656
489.0441055818659,386.49403039690276
498.01308932863583,381.8283315469428
497.7091818651905,375.66672037371126
498.9554738906802,390.1865813909342
488.2304705684645,363.57271053397204
484.0517506796961,381.50684081540703
493.90300750283853,373.6742360499683
490.19105493959285,380.9985266269303
496.47397186873525,377.3294284916226
495.1459892224185,382.69767079275977
493.49931030652164,384.6272537282084
496.6753706902371,387.21840869992013
498.3702276914444,389.3132247159959
495.9514840303979,374.9515614765446
485.57949272344706,383.2376712446822
489.924960594728,395.3266871152041
492.7228240307587,361.1896799953112
494.68338523602216,376.74580180746085
487.012967753637,391.99544468687685
485.92016991639935,364.65668366583003
489.98563205532764,381.0273059610136
489.2764644411906,381.6155438496125
485.400290663932,396.81992762426654
482.74903397385344,380.2853878705371
483.581883538499,377.3294284916226
492.6034821632233,384.203615753714
495.684649516116,377.3294284916226
485.7196063812017,393.5559156262277
481.97920815830525,383.64754761592536
485.52255647998606,380.11560038975176
484.47816068023735,391.3069149362363
492.9189865393497,369.6303726552814
484.09260936737724,377.3294284916226
481.81745503419705,395.10729208841525
490.1126219748834,374.5293583088141
481.29966696104185,383.47005588852517
484.4706269705878,385.2773890872192
491.2959956289606,395.0542407019215
493.98957622979293,395.54655025929344
489.32417742430624,388.0102549814554
486.9819765828724,377.3294284916226
481.4860507650795,382.181273026522
476.5578162088493,366.04038824873186
490.9430137305042,398.30218364171265
485.9094224563778,399.04090966841073
481.9099545323697,382.2284141451553
483.7368110308081,375.95066340589295
486.4504580522758,404.67255445273304
488.06590232409167,393.77720421211825
483.7859935960386,395.8421027624163
484.20572863432045,382.181273026522
486.98177844601383,404.2243550245395
486.60635928276446,384.203615753714
485.59191011237874,387.40351223377826
489.36575144600397,389.1026014072467
482.48113121826464,385.3065893022999
489.151223269444,383.7024372206946
483.36876517193446,389.5792507030044
485.9042024511938,406.8897469799749
490.09668399478176,377.8267993321617
485.8748758625305,377.3294284916226
484.8819181590974,399.8767350850684
489.9632565554828,366.04038824873186
480.45224405847904,371.0516777523603
490.6557487010004,382.2284141451553
481.506389772501,354.74831565552773
484.2832882620857,389.72468445406173
481.90158712198223,396.365135311854
479.9814947015646,380.0668397974131
486.51729969204695,386.05484376303536
479.6882062845784,376.3774062078614
479.90847544007926,369.4279197163209
485.8755751259108,380.72903773560483
489.91328677524035,381.1705063588748
479.881490551878,378.4943373526948
478.35584873179346,385.0438471435288
483.171473426148,377.3294284916226
477.0769155238552,393.2500537408855
482.24653756840036,380.2580046248362
486.41482025564494,386.5592218641546
481.46546072838623,387.98966739121283
488.84601336938334,390.00873588957626
491.50481529691916,387.52259494512634
492.15251407139374,375.36902107691685
478.99707233444764,380.9600457626626
480.377404817623,389.3132247159959
486.8618183322402,377.3294284916226
483.6852697706288,373.4810785442744
488.1895864435669,380.40760364876724
481.9632153676233,375.95066340589295
487.3441442689061,385.87633450671353
477.23809920823123,377.3294284916226
480.3879814278108,369.6303726552814
479.9697814894829,368.47169618750473
488.9890633025537,389.5225539933491
475.13904365656146,359.64730130906037
484.3770539769526,381.90717809603194
479.50685380902576,364.65668366583003
482.75290468051423,389.56144313597025
483.2233116394389,374.9130605272882
482.62852184392847,395.21402651008407
484.5733270106328,391.9856213141998
475.75604621887186,359.64730130906037
489.97284942627516,399.38971576688357
480.5553160011959,377.3294284916226
474.7440377389638,383.0176333399618
484.0785138273702,400.8494465724354
482.82184407277083,392.38769444990373
482.66593385915826,376.67098350402085
477.60995969058916,385.87633450671353
476.58568410552624,377.3294284916226
481.4104269757617,382.2284141451553
477.1452189121912,380.26800673044954
482.46447162069535,392.2327899790018
473.3022569829009,385.0438471435288
476.6292832124397,384.9357016924783
488.2538607147871,382.537131877669
481.27610837591243,386.12550831223285
471.8833279707519,388.59026046704014
472.90587498888215,384.50765876712984
478.0328081609226,377.067192497998
478.76362619221516,382.2284141451553
477.82210045411966,394.95221515383116
485.9922052306571,390.45979956553043
478.356434651478,377.3294284916226
470.38392672056585,382.9354334242604
481.76424886422234,383.2376712446822
474.5911892350607,375.4093078949156
469.9987690860551,392.31122398436725
477.51873218341365,387.71146847621645
472.5692634094171,387.23779650192495
480.6061694453006,388.72412844415857
474.1208579833194,386.2154146756912
475.6042846560225,402.9335203897102
488.29254641634157,387.08025868005467
480.1579061001185,397.6595967684836
481.72866648157026,404.4428644514263
479.79591071180903,389.5461801217482
481.62746993270594,389.5194761203626
480.0515028471734,373.6689383750222
473.85682150484126,375.96796649641124
479.0078473559823,368.47169618750473
481.6340144114671,382.19794454947123
474.9456114947022,364.65668366583003
482.0186962521623,392.98394397090675
481.8417935262057,373.96028816622834
479.5945932239039,404.68847204659477
475.8507675192086,366.04038824873186
477.7901664019298,368.7752503964356
473.7129539399423,385.0774270996496
476.52496729566025,359.64730130906037
478.57939871311976,377.3294284916226
470.99952995364697,389.39297205723597
472.598721296598,362.9865553765374
471.7853437676665,373.79406921039225
470.3761591740603,373.6742360499683
475.3343702605158,383.121127449451
468.48083056834423,377.3294284916226
467.0574566282729,375.95066340589295
470.8153976354729,363.57271053397204
475.88522506864086,401.78401297702874
477.34531227058886,373.6742360499683
467.48016264270433,381.8735233664844
465.8979628917861,373.9597048284615
467.98886815220163,380.0668397974131
467.138003978597,386.66514921769084
472.46077000106334,381.50684081540703
473.3534688216914,384.39573335952764
465.3736897083576,385.0961660836365
477.7219198098249,393.8011568643638
476.30659105898036,378.68361840673793
469.54732475454614,388.76499334376007
483.41965710322205,386.62869939546886
466.960458299206,389.5461801217482
473.0983461858361,380.3082935484483
472.0776442537636,366.04038824873186
477.5541835721304,396.34464690835176
478.14054780741884,385.0774270996496
470.55958501019364,372.4723933309409
472.68694918622526,389.72468445406173
466.1265815587529,382.2284141451553
473.96956158277686,384.0124840829916
476.6723609448124,390.7684008794057
473.5517446403654,386.4573165533519
471.5172786344432,381.8283315469428
471.71649896180344,366.04038824873186
476.8046465466851,382.181273026522
475.1113940979799,362.9865553765374
480.1754463578325,382.2284141451553
477.2516281481435,381.8283315469428
473.16281030613607,377.3294284916226
467.38038061355917,362.9865553765374
486.40203688230935,397.45234575008897
473.1333778070046,386.05484376303536
473.62585399263827,382.181273026522
463.4473874353379,387.0801855543374
478.7177250898383,377.3294284916226
471.6910225784125,373.6742360499683
467.9464643853046,382.2284141451553
481.5892494146641,391.94924949775174
476.2727109129035,381.8735233664844
477.5121092295814,386.05484376303536
474.0357829628012,380.6637470750322
475.78686300040715,382.2284141451553
474.2544354787886,390.1413830874024
469.6391380352889,371.0980480056135
464.92489576005516,373.5953516991621
471.3812481431912,385.0774270996496
480.1406838501189,373.5953516991621
470.71788083698243,387.4630309166561
467.9850795448606,378.68361840673793
468.410053766533,394.4042750808055
470.5689803999901,380.86003286910335
465.4495762777576,371.0516777523603
470.069355448591,380.0668397974131
463.821323769073,385.46513548415857
467.05860082622564,377.05193962826917
474.87258999228106,392.72456524714636
476.2399095782351,381.4701206640625
471.51867490068145,372.8949233868397
466.4088095694981,386.49403039690276
471.686212533816,387.61187069865827
474.162743214777,382.2284141451553
460.9067216664044,375.96796649641124
466.2327126950227,387.23779650192495
467.0042109339382,381.90717809603194
471.71276567009113,382.2284141451553
474.1914808823536,387.23779650192495
468.8033623036765,354.74831565552773
466.86318625352624,375.76766972535006
468.2471837093835,377.3294284916226
469.42755637649475,375.66672037371126
458.73284577043904,374.823152737481
464.2376743546802,380.3082935484483
466.4198162376169,377.3294284916226
455.7963121351422,379.28991747337
465.1396177060995,388.9784962174525
476.3793500419915,375.4093078949156
462.0241084929715,377.3294284916226
470.9103115416903,380.26800673044954
468.3818384876746,373.8166402850527
468.729641232482,373.4810785442744
475.67957301830023,380.3082935484483
471.56008525571434,387.6958731159301
464.8801221057747,396.62794573071767
458.83775723372224,372.8949233868397
471.4370721613345,388.19480137989797
460.0233298092771,377.0047407440388
465.00064569373967,386.49403039690276
476.79605427054065,377.7095827608046
469.1349363446681,380.92244524848553
464.376656705775,381.0273059610136
466.85951295387525,382.2284141451553
464.11553172121216,383.64754761592536
467.7714404555978,372.8949233868397
470.3053391728344,388.72412844415857
473.26428992970955,373.6742360499683
468.04410179669253,380.9985266269303
461.5016184786647,373.6742360499683
481.4363543706614,373.9597048284615
459.4441743930961,387.2173847165122
468.04888912126984,390.78540950639217
465.8939264999501,385.0961660836365
471.34209938288035,373.4810785442744
455.45888291935415,368.47169618750473
472.22985255038765,373.6742360499683
463.78753302300515,383.64754761592536
467.0430426992758,377.3294284916226
464.4499535653561,386.70937107023303
462.432680396735,382.2284141451553
461.0578114322601,384.14897673522904
472.48664465361145,388.72412844415857
466.88608109222827,382.2284141451553
466.0360492863891,380.86003286910335
461.22519835133886,354.74831565552773
465.44573995592344,390.4277014616714
472.6482128411191,367.8855410300701
464.1675038386896,369.6303726552814
455.86863742755327,386.05484376303536
465.1835632023886,389.4372062377542
469.86446692324387,398.1757000696984
455.63969583875354,382.2284141451553
465.8816352469499,390.45979956553043
476.9673158230372,389.72468445406173
466.9924578842978,387.23779650192495
469.9938690415704,363.57271053397204
461.8017054222657,372.4723933309409
467.5851453132434,373.6689383750222
470.4404945936154,384.203615753714
463.28479823158364,363.57271053397204
467.94128517677166,382.2284141451553
461.5290407377057,373.6689383750222
470.68202409427016,390.78540950639217
467.20426532314724,382.81248282268376
466.2821327510156,398.4173704254895
459.18783764475916,367.8855410300701
474.451815953062,388.72412844415857
462.749343466232,378.68361840673793
455.6340669638989,368.47169618750473
470.42967983686316,398.6403172163145
460.4262742551075,388.34854243581543
465.37893467702173,377.3294284916226
456.9067596666275,377.3294284916226
463.6266419319368,382.2284141451553
460.9599029522176,382.81248282268376
466.10658052701024,400.0658395089304
465.07362069396527,368.7752503964356
470.05502140319373,389.72468445406173
466.2797840206027,377.3294284916226
466.6512328449485,366.08866564884386
465.29603661003307,383.0811896535656
465.8334444619275,379.5387406655837
466.22462483010617,373.6742360499683
470.0856614787497,388.6717768863576
473.8583114243312,390.42247384329596
462.2787590043088,382.2284141451553
471.4287332331716,387.7035126288543
465.89724679380595,383.1964839399712
469.71054374488756,375.96796649641124
460.6388624636602,367.8855410300701
461.54892683388016,378.68361840673793
467.77244396555494,377.3294284916226
471.66073379417537,398.7001425178965
471.51535260982826,382.53183420272296
465.49539676458966,363.57271053397204
467.30082165625697,395.6372540412916
464.577695211963,381.1705063588748
460.0280214223165,368.47169618750473
468.51366318334107,382.537131877669
473.7623700449252,390.45979956553043
462.61245081730635,377.3294284916226
462.6319455598813,390.1413830874024
465.5202524122797,382.2284141451553
466.5285616803402,383.64754761592536
467.3208571333926,381.1705063588748
468.0082098303652,382.537131877669
466.49356172855204,378.68361840673793
465.540760375293,382.2284141451553
464.75734903258456,372.4723933309409
475.71787363329037,390.7614587016894
475.6837420121623,382.2284141451553
463.05226967778856,380.8776757230992
463.9191076730131,377.3294284916226
459.85521756654845,373.6742360499683
459.2578174186899,395.210215537125
461.85410194028105,375.96796649641124
465.1530859165459,387.23779650192495
468.0163219958449,373.4810785442744
463.4867192420401,390.78540950639217
468.9351364438505,391.09130997285604
459.4209148016795,378.68361840673793
462.2954549568268,382.2284141451553
471.04551147273145,383.86883620181595
464.40686696126545,385.0774270996496
461.85565079328626,368.7752503964356
458.78797035704696,382.2284141451553
459.1927290257969,373.4810785442744
462.30678883570016,375.94875625903416
463.79300020200986,393.40178256139745
461.4533723152355,376.442536391307
457.2616538071002,373.6742360499683
458.6642089281198,371.0516777523603
461.3989849610179,377.3294284916226
462.9893897911398,368.47169618750473
462.6200479541759,377.3294284916226
463.43469599290916,385.3776288615448
459.3855590941683,382.81248282268376
465.4629679493009,373.6689383750222
467.19044365941585,386.05484376303536
460.7928779511092,377.3294284916226
459.39890991120507,388.8395207015385
465.5800406394169,390.7614587016894
458.7703577781642,377.3294284916226
457.9363544939404,377.3294284916226
469.7906168925687,380.3082935484483
459.13627052009355,382.81248282268376
469.8431749660647,382.2284141451553
464.2852253949721,377.3294284916226
465.18920897753696,377.7095827608046
457.86751138375223,375.38181133897655
463.05124400472107,388.54653326945805
463.22315998091864,377.3294284916226
455.6812239969537,383.64754761592536
467.7417544923706,377.3294284916226
464.776263544981,394.52122607468306
455.4102633696086,354.74831565552773
463.6239704960937,371.0516777523603
465.9249369108922,384.6384858991768
468.9644311743417,378.68361840673793
458.7243601215097,373.6742360499683
460.51263599288126,377.3294284916226
466.2241881917258,387.2173847165122
456.55569233935375,384.203615753714
463.8549460065255,362.9865553765374
465.289562188397,368.7752503964356
472.6966507599043,386.05484376303536
466.68136437248586,388.7757554277735
461.04188129791777,377.3294284916226
464.3932984728731,377.7095827608046
464.8580622832123,382.2284141451553
462.08791448282284,373.05854848837555
461.29766284929775,368.7752503964356
472.9779398372435,377.3294284916226
464.77692667050263,391.48006862484755
461.6061357367422,377.3294284916226
462.4682800176482,378.68361840673793
464.3960268359204,381.89339703523007
465.5709159720403,381.6155438496125
459.712040315979,375.21661473621907
462.5659808912676,382.66553681366315
464.1421107062928,373.6742360499683
470.57162496551734,394.4101676923419
463.1360451370981,382.181273026522
469.23376343436524,368.47169618750473
465.24863966182215,387.23779650192495
472.19418557365066,391.09130997285604
465.02246381049974,381.1705063588748
465.0575215445067,377.3294284916226
463.08282173202247,396.2500512111171
467.65491855308005,387.71146847621645
465.54285404193723,378.5237894581696
465.92228247654185,375.96796649641124
464.1182200266264,381.8283315469428
471.86718147925893,377.3294284916226
469.7856791946592,379.28991747337
468.9093148067303,377.3294284916226
461.33150987897534,359.64730130906037
465.5265736289919,377.3294284916226
464.976906618555,395.3266871152041
472.52178538277576,382.2284141451553
461.64155453468464,387.23779650192495
460.3437059647814,388.3050795184228
460.1304903970176,386.3910948809278
465.07194154274237,398.1757000696984
464.90755636107656,363.57271053397204
467.2788679783436,379.86028337071474
471.91334310827364,377.3294284916226
464.74832430897476,389.89020178871436
472.3446462094413,390.7614587016894
462.2384359900254,386.05484376303536
460.4182685144798,382.2284141451553
459.4183830362994,375.96796649641124
461.18999402750524,387.23779650192495
465.45036083337,389.3132247159959
462.5587107817703,377.3294284916226
460.60893805244336,377.3294284916226
460.8458666193208,383.2376712446822
469.93214133074366,368.47169618750473
462.4854656821108,391.0788743691771
462.13083040759307,386.05484376303536
470.285765248151,382.81248282268376
462.2454648740687,385.0774270996496
464.282759405132,394.94527297611484
473.5646147495287,377.3294284916226
461.39250733069406,373.05854848837555
466.1037207424999,385.0774270996496
465.961886197859,373.4810785442744
462.23264318995365,382.2284141451553
467.7582217530213,377.3294284916226
462.8463253068296,377.3294284916226
460.3730763893893,389.72468445406173
468.73544517751105,382.20728060650237
460.9917898267087,388.19480137989797
467.2296611045606,382.2284141451553
461.1620079448473,382.2284141451553
463.16259143663154,377.3294284916226
472.45821666816903,382.2284141451553
471.9828031876711,373.6742360499683
464.1074563250002,383.521588581695
461.5613861260934,382.20728060650237
460.1988506304448,375.66672037371126
463.1155088737711,377.3294284916226
462.0998900319518,382.2284141451553
462.6332167537322,382.2284141451553
466.1311297135871,382.2284141451553
465.47356970317355,396.2500512111171
469.5853013027718,390.42247384329596
462.3184653168696,382.2284141451553
462.1119824106096,377.3294284916226
461.1390825850292,385.0774270996496
460.22902597818785,377.3294284916226
466.3063408422831,377.3294284916226
461.08722614765827,376.442536391307
461.76285441054694,386.05484376303536
458.3825019772565,382.20728060650237
466.913581240302,382.2284141451553
471.10817693468977,390.4277014616714
464.6912376520624,383.64754761592536
461.170421599334,368.7752503964356
466.2253123879466,368.7752503964356
466.9216401482444,392.7208508329861
464.3533267936377,386.05484376303536
461.42677666407707,377.3294284916226
463.7272546177177,377.3294284916226
472.37450225310056,376.67098350402085
470.7572088014458,377.3294284916226
470.2997134157762,390.42247384329596
467.3908122441251,372.4723933309409
470.03265907172545,377.3294284916226
463.1908527477085,381.8735233664844
466.68289753514773,377.3294284916226
470.5455220119303,377.0047407440388
468.6407494633576,376.67098350402085
467.91703781047056,368.7752503964356
463.6721150803873,382.2284141451553
462.7170972063398,377.3294284916226
459.03615815821615,382.81248282268376
461.90217087577616,382.81248282268376
457.399876302461,382.2284141451553
458.7428850814881,385.0774270996496
468.11067532592773,377.3294284916226
472.26457500645046,391.40119899093764
462.09984677871927,377.3294284916226
469.66191587579203,390.4277014616714
465.40621855657014,377.3294284916226
462.13376117782093,387.6958731159301
464.9503953982704,387.23779650192495
466.11235967482344,378.68361840673793
466.1330094952766,377.3294284916226
466.88221832696746,381.1885550184643
455.4016516203972,382.2284141451553
459.025674755917,377.3294284916226
458.01132964200593,385.0774270996496
468.21708634012253,390.42247384329596
456.7478512774025,377.3294284916226
462.2357904089445,363.57271053397204
460.5842071057044,377.7095827608046
465.76232584928135,377.3294284916226
463.7440204393217,377.3294284916226
453.76228214336084,385.3776288615448
465.3281448573886,386.05484376303536
459.86335844067895,381.8283315469428
455.7792253021826,377.3294284916226
463.7226329359244,390.45979956553043
465.6244701428477,368.7752503964356
463.1813768417152,378.68361840673793
464.9383046153092,386.9131087543411
461.68111962808956,377.3294284916226
461.68126263193517,384.203615753714
466.3430734465713,386.41392101219486
464.6025519174465,377.3294284916226
458.86700700620344,382.2284141451553
463.8351091301885,371.38543499237824
464.6469068786477,377.3294284916226
459.23445793170663,377.3294284916226
459.4557953895794,389.04796238876173
465.0335261780341,386.05484376303536
462.90256921045477,389.4756791779102
457.88826086802,377.3294284916226
457.72292278852575,377.3294284916226
467.8414122384683,368.7752503964356
458.82730716441887,378.68361840673793
465.3278858039568,377.3294284916226
459.05177496911796,381.89339703523007
460.45029910630905,377.3294284916226
460.82476341068315,383.2376712446822
464.3510854068181,390.4277014616714
461.9875105909367,373.6742360499683
468.1052148155315,394.52122607468306
468.66481579833373,377.3294284916226
469.6704915636089,382.81248282268376
457.4011198637335,384.97235035376633
468.3393736796451,382.2284141451553
461.8889641317351,377.3294284916226
455.61440566709246,382.2284141451553
453.2590334912953,383.64754761592536
465.828788367192,387.08025868005467
465.03028848792985,377.3294284916226
449.4213081189545,377.3294284916226
455.740493374416,368.7752503964356
454.2233716141589,382.2312314112052
463.27666190157436,377.3294284916226
460.53858709871776,382.2284141451553
464.2398011463655,386.05484376303536
459.1235402116916,391.39989050668174
451.0436797706878,375.66672037371126
457.5397103047588,379.49674770599495
460.83364861667457,382.2284141451553
462.50495742358265,382.4933332534666
458.4976004169608,377.3294284916226
457.9198701076991,380.86003286910335
463.7866017715468,383.521588581695
459.62721724241396,367.8855410300701
459.13926275186475,387.23779650192495
463.31866692852515,388.54653326945805
454.63607713625447,382.2284141451553
459.88877022597416,382.2284141451553
464.2596763303269,377.3294284916226
454.5431537235099,381.8283315469428
460.59389109773196,363.57271053397204
459.59115859575996,377.3294284916226
464.413422750953,377.3294284916226
458.9053162513363,390.4277014616714
461.3258381165235,387.23779650192495
460.2948535764744,367.8855410300701
457.9666374082159,382.2312314112052
457.61623339567524,382.81248282268376
467.32051489411145,382.2284141451553
465.75723618787214,387.23779650192495
452.41262856824477,396.25769072404137
454.8785970360613,377.3294284916226
464.6088119473997,377.3294284916226
461.3751738352696,382.2284141451553
466.6407632497145,385.0774270996496
461.0648494262208,381.8283315469428
463.61867952175663,389.72468445406173
467.2229288639512,379.49674770599495
461.07229902741426,377.3294284916226
464.3873509815929,382.2284141451553
465.48234643083276,390.78540950639217
454.8645271329128,387.23779650192495
463.9080636444559,377.3294284916226
453.6020048381678,377.3294284916226
456.30355255248077,373.4810785442744
466.0343747982416,381.50684081540703
460.11764600389193,368.7752503964356
459.56492797029637,384.8476044662103
460.86921865205653,383.2376712446822
454.4161019319161,382.2312314112052
461.482626421441,368.47169618750473
457.5065168900047,383.2376712446822
462.99358784053584,382.81248282268376
458.577958514373,373.6742360499683
461.8741345495733,383.64754761592536
460.78224755311805,377.3294284916226
461.48147477403137,382.2284141451553
454.5656483795938,382.2284141451553
461.19354706593293,377.3294284916226
455.37899738534105,383.64754761592536
464.4863975499689,382.2312314112052
459.1334349969054,377.3294284916226
458.9557152859636,363.57271053397204
463.31155242030246,377.3294284916226
459.38535669064436,390.4277014616714
462.49103597731875,377.3294284916226
452.77704750539823,368.7752503964356
463.3703035916121,384.14897673522904
453.9979810266592,376.442536391307
457.872584211007,373.6742360499683
456.70786402072713,385.5750883840136
460.5763253318202,362.9865553765374
454.1127296836237,382.2284141451553
459.49232847005624,388.19480137989797
459.5877063169019,376.3774062078614
463.8909565232684,382.2284141451553
461.05288238161177,368.7752503964356
459.0863218736093,382.2284141451553
456.20226592897484,373.6742360499683
462.58671911526136,382.2284141451553
460.21361408686903,381.8283315469428
457.6826307687803,381.8735233664844
458.20657475645913,379.28991747337
458.9455567846752,382.2284141451553
454.1865502418643,377.3294284916226
462.3342830321824,368.7752503964356
455.8245307332693,382.2284141451553
462.6632859145,382.2284141451553
462.15932735551706,390.78540950639217
458.5022212426753,390.4277014616714
456.0174366664949,377.3294284916226
466.06495793287934,377.3294284916226
452.5764620852101,373.6742360499683
463.0954013044328,382.2284141451553
463.3439933628366,385.0438471435288
458.357645489388,368.7752503964356
461.67573061529833,388.19480137989797
458.72213937827115,377.3294284916226
455.7949735950987,382.2284141451553
460.3367113662269,388.72412844415857
452.0006402978527,368.7752503964356
460.98332229394015,377.3294284916226
457.7608280076954,368.47169618750473
456.537424246363,367.8855410300701
458.0469531499444,377.3294284916226
459.6671910041603,390.78540950639217
450.68236806606575,377.7095827608046
459.99619395740297,384.14897673522904
464.01009757580226,387.71146847621645
454.58339145090144,382.2284141451553
455.74628275637167,377.3294284916226
462.34975913407584,386.05484376303536
451.2817782793243,382.2284141451553
461.12392514531496,382.2284141451553
456.83287396576424,368.47169618750473
454.6572662734386,377.3294284916226
458.82877907663845,377.3294284916226
460.9373506569175,390.7614587016894
461.2056449928006,382.2284141451553
462.25394658813696,382.81248282268376
462.74401537530446,390.1781032387469
456.89086017098964,382.2284141451553
465.2975544139656,373.6742360499683
456.64591995935314,377.3294284916226
461.22059692168574,382.2284141451553
461.09503533562963,387.71146847621645
459.8430182374415,395.3587852190631
459.7365539940976,389.72468445406173
466.5967993647971,380.6637470750322
464.108230874083,377.3294284916226
457.5831414980078,382.2284141451553
465.4587103523103,378.68361840673793
466.12678281420915,388.54653326945805
461.48749316695313,386.05484376303536
459.2900116573105,377.3294284916226
458.330566044266,368.7752503964356
461.6188876096459,375.66672037371126
455.4878637114787,381.89339703523007
449.0358120678347,373.6742360499683
463.50429284135794,377.3294284916226
458.60751531187043,382.2284141451553
458.32661604308583,377.3294284916226
452.4578678868776,377.3294284916226
463.7443177896673,386.05484376303536
457.4385135684388,380.6637470750322
456.85540171582085,388.54653326945805
461.05965648579144,377.3294284916226
465.0615309912411,382.2284141451553
460.67592213559743,382.2284141451553
458.6422395850692,368.7752503964356
463.4787551997188,382.81248282268376
464.80784856326346,377.3294284916226
457.04181704340414,387.23779650192495
457.08363742717324,390.4277014616714
466.7169911034101,387.08025868005467
459.2046844550661,377.3294284916226
461.3323092246835,377.3294284916226
465.1290512058369,377.3294284916226
453.5638723683419,382.2284141451553
463.2383963206027,387.71146847621645
455.9566948745622,382.20728060650237
460.52452121919873,386.3910948809278
469.8106003145019,390.4277014616714
457.8562625463061,382.2284141451553
462.7454397025992,385.0774270996496
467.15913179303686,382.2284141451553
464.72997961407367,377.3294284916226
457.2546486350536,382.2284141451553
462.279067409805,382.81248282268376
457.7563449390955,385.0774270996496
456.1175623068968,381.1705063588748
460.09823565953275,387.71146847621645
460.4956682897321,384.8476044662103
464.0757497353941,373.4810785442744
458.8299988512183,387.71146847621645
469.69263816438047,393.13338557032887
461.61264675128643,381.1705063588748
463.15910476842856,388.19480137989797
453.8698638989327,377.3294284916226
465.3142115751619,373.6742360499683
457.2046931720337,385.0774270996496
453.70077459788166,373.05854848837555
460.3620936169507,381.4701206640625
456.967481326568,387.6958731159301
464.67019492773807,387.71146847621645
465.0738473437931,378.68361840673793
465.9365789768557,381.1885550184643
463.4027989033951,385.0774270996496
455.835737557478,373.6742360499683
464.5953093434883,382.2284141451553
454.0897432788607,382.2284141451553
464.70331878874714,377.3294284916226
455.3951742779286,377.3294284916226
457.3066459261601,377.3294284916226
457.1090631503316,388.19480137989797
463.16037716474654,382.81248282268376
465.6719596872348,373.6742360499683
464.2495928303152,387.71146847621645
460.87535021565805,382.2284141451553
468.60668791307245,387.2173847165122
461.9533224857724,389.4372062377542
463.27255922817676,387.71146847621645
465.5002500012183,389.72468445406173
463.8677096946161,377.3294284916226
464.46949432337334,376.442536391307
458.2451134478168,377.3294284916226
455.40544221350325,383.64754761592536
456.14003809529953,389.72468445406173
457.5457778375817,387.7035126288543
463.08517252767325,382.81248282268376
459.58400209122965,374.27862796974154
456.1807489234431,375.66672037371126
461.27884381831973,390.45979956553043
457.8152771946459,380.6637470750322
464.9526912286477,377.3294284916226
462.0889031063268,377.3294284916226
460.6054755985856,377.3294284916226
461.8335672469558,377.3294284916226
465.6054769472579,377.3294284916226
465.58098869802933,388.19480137989797
458.42772252685756,382.2284141451553
456.7470619971598,375.96796649641124
466.25074845062284,377.3294284916226
460.74920192242854,368.7752503964356
458.48808935953076,382.2284141451553
465.3739682073923,387.71146847621645
454.40604230819656,382.2284141451553
454.5758968267161,377.3294284916226
465.68269556683407,368.7752503964356
457.47678384423835,387.23779650192495
463.08744871412205,377.3294284916226
456.3653306290556,382.2284141451553
461.45668099824286,382.2284141451553
463.84573595994664,390.7614587016894
458.1120593313054,373.05854848837555
467.4612724831661,384.14897673522904
454.53014220948114,373.05854848837555
461.2723474606652,368.7752503964356
465.112570832413,377.3294284916226
459.6325499997446,377.3294284916226
459.8511947756734,377.3294284916226
457.17766941500963,377.3294284916226
465.59512226717356,382.2284141451553
459.50927704069755,382.2284141451553
461.18319921160236,373.6742360499683
464.72994763086666,381.8735233664844
460.591147593176,382.2284141451553
463.8243507144032,377.3294284916226
466.312510562211,382.81248282268376
460.20025536734875,378.68361840673793
459.0314865516547,387.71146847621645
457.23405597245227,377.3294284916226
463.16025411960965,382.2284141451553
454.20376068714677,382.81248282268376
465.44448962561233,377.3294284916226
466.58937319920426,377.3294284916226
464.72823942499076,377.3294284916226
459.363755413486,389.72468445406173
455.0645758976019,386.7725090200171
457.76576372729863,382.2284141451553
457.64981948832036,382.81248282268376
461.50472651067923,382.2284141451553
462.1424630861318,387.23779650192495
459.3016917056559,377.3294284916226
465.71089300223343,377.3294284916226
457.72166668655075,377.3294284916226
462.2888160038757,377.3294284916226
463.74293717464957,377.3294284916226
470.8163046259753,377.3294284916226
463.0876837061601,381.8283315469428
458.6169286008483,377.3294284916226
464.0369929482007,382.81248282268376
458.42140595723015,387.23779650192495
461.8115937293114,377.3294284916226
460.01128950181237,382.2312314112052
458.3459076587867,382.81248282268376
454.31085088253684,382.2284141451553
458.2019066411721,390.42247384329596
452.6659873280163,377.3294284916226
455.63507171403444,367.8855410300701
457.2899055957098,377.3294284916226
456.7078406053747,387.23779650192495
461.7359390969118,374.27862796974154
462.4809041160993,377.3294284916226
462.97315264924646,389.72468445406173
464.05301093889005,385.0774270996496
457.1328022670777,373.6742360499683
453.65477942354073,381.1705063588748
464.86903615964576,377.3294284916226
459.5890009509924,377.3294284916226
454.73730133596945,377.3294284916226
458.0412839905037,373.4810785442744
466.43477214814374,382.81248282268376
458.3160194755211,373.05854848837555
468.27077266904183,377.3294284916226
459.02047722705066,377.7095827608046
454.91987509755324,378.68361840673793
453.13783883548393,382.2284141451553
465.6182879668567,395.3266871152041
458.20226493276357,377.3294284916226
453.6767498645617,377.3294284916226
459.19635385408844,383.64754761592536
452.2212100582453,377.3294284916226
455.9259980146328,377.3294284916226
465.27592827909217,385.0774270996496
467.6262124652028,387.23779650192495
457.58970471801155,368.47169618750473
455.50668126320596,373.6742360499683
463.291409865975,373.6742360499683
462.3176427969829,368.7752503964356
469.5644743812874,386.05484376303536
459.0637601031318,377.3294284916226
454.23160856018455,377.3294284916226
458.98336157615324,368.7752503964356
462.2102682572406,380.86003286910335
455.8104767837599,368.47169618750473
457.3377162759623,377.3294284916226
462.9796260447721,377.3294284916226
461.5703171936036,382.81248282268376
463.76194922611853,377.3294284916226
454.5145400998979,390.42247384329596
456.3742605072779,377.3294284916226
460.50575104158634,387.71146847621645
462.18802658768936,377.3294284916226
465.21414369154263,375.38181133897655
466.29371358333003,377.3294284916226
460.42533645082085,387.71146847621645
466.1315867299592,377.3294284916226
455.9704473379517,387.23779650192495
459.39311331429883,387.23779650192495
461.2276546361218,373.6742360499683
465.0715363249365,373.6742360499683
456.3312304282086,385.0774270996496
462.73795176317225,377.3294284916226
464.2058680063825,382.2284141451553
454.3839658670235,377.3294284916226
459.7203811450344,382.81248282268376
466.40433741534287,382.81248282268376
455.65888642505445,377.3294284916226
460.5916871788579,386.05484376303536
460.3578073658247,373.4810785442744
463.6696443955461,377.3294284916226
468.4936195946637,385.0774270996496
458.7706947887654,383.2376712446822
459.48429872701274,377.3294284916226
465.9704173394951,368.7752503964356
458.7336268519116,373.05854848837555
465.5828494660029,388.4684552504362
458.29015295848467,377.3294284916226
463.16253107952804,383.64754761592536
451.4481548152481,382.2284141451553
457.8250563389175,377.3294284916226
461.8895244566563,377.3294284916226
462.31029871523447,381.90717809603194
453.7848787095749,382.2284141451553
457.84046772074095,382.20728060650237
457.7633987811233,377.3294284916226
466.4807822642945,386.05484376303536
467.2504680382624,382.2284141451553
461.71060382483284,382.2284141451553
454.5333700369852,380.6637470750322
458.7048894892806,377.3294284916226
460.06706578792745,382.81248282268376
461.1241096233837,377.3294284916226
457.3334289410221,377.3294284916226
453.6533538389474,382.81248282268376
466.6101901408637,390.78540950639217
456.6598592642558,377.3294284916226
463.56359122409793,392.3786156543234
460.6441218343687,377.3294284916226
455.6622940077384,382.2284141451553
455.7519868910908,386.05484376303536
453.19856606039343,377.3294284916226
454.39909554845684,375.66672037371126
458.39650840372946,377.3294284916226
468.0704134647648,377.3294284916226
458.42942431766744,375.96796649641124
458.19873203654424,382.81248282268376
458.1681635200657,377.3294284916226
457.32424900819706,363.57271053397204
454.96805666736486,377.3294284916226
457.6452297314108,377.3294284916226
459.979602001232,382.2284141451553
460.2919961596692,373.6742360499683
450.07013635867645,377.3294284916226
467.8667648664627,387.23779650192495
458.48947704026506,382.2284141451553
460.24591374404304,377.3294284916226
459.128081704619,368.7752503964356
459.5380318794568,377.3294284916226
452.31279374550826,385.0774270996496
454.71297916324465,377.3294284916226
458.26155556599565,382.2284141451553
456.8213560276114,377.3294284916226
452.7454392853896,389.72468445406173
456.27347103857056,377.3294284916226
451.83055430796793,377.3294284916226
456.26769398123054,377.3294284916226
458.31144620438215,382.81248282268376
456.74535614552207,377.3294284916226
452.5238912385123,377.7095827608046
465.0602142591466,386.05484376303536
464.30538168623224,387.71146847621645
455.70123166845957,390.1865813909342
459.41995922505816,375.66672037371126
457.4145152610535,388.19480137989797
457.7947114824699,377.3294284916226
457.7548500704639,382.81248282268376
459.0217178981041,377.3294284916226
454.9027593940384,377.3294284916226
460.92818701803657,382.2284141451553
454.24211803404086,377.3294284916226
458.1580662931356,377.3294284916226
449.4210397646184,377.3294284916226
461.3314597991196,387.23779650192495
458.01776906793623,377.3294284916226
462.80711269679637,377.3294284916226
464.5472948257951,377.3294284916226
459.1637526405099,387.7752742450034
457.54991249395295,377.3294284916226
463.6386294871386,382.2284141451553
458.0795097534984,385.3776288615448
456.84293462255084,382.81248282268376
462.94878357132717,377.3294284916226
459.07553610018346,377.3294284916226
465.20112991301414,377.3294284916226
461.0783724873838,387.71146847621645
458.1330207416255,378.5237894581696
455.28938815419696,377.3294284916226
458.328596746198,377.3294284916226
457.3419604515473,377.3294284916226
458.5773289998123,377.3294284916226
462.2214500956794,388.19480137989797
465.4437993538458,390.78540950639217
456.70342645643507,377.3294284916226
458.18797417355717,378.68361840673793
454.2530613162405,377.3294284916226
459.04235400622565,382.2284141451553
457.82231058348606,377.3294284916226
457.7338061539997,377.3294284916226
459.7294992566622,390.4277014616714
455.32758256169245,382.2284141451553
459.67188780534764,387.2173847165122
460.31385790655736,382.2284141451553
459.32785381615327,382.2284141451553
460.9825719632215,382.2284141451553
456.88876731179306,377.3294284916226
461.2876284814935,377.3294284916226
464.3607242811946,386.05484376303536
460.2492853857703,377.3294284916226
460.0400068080957,385.0774270996496
465.04802394463053,389.1026014072467
460.91489369644836,388.54653326945805
453.76523589470327,377.3294284916226
460.5433998678229,377.3294284916226
458.66427538384994,378.68361840673793
459.92843353675164,377.3294284916226
460.2491999955184,377.3294284916226
460.7063379465169,382.2284141451553
456.96967877376164,377.3294284916226
459.64018797495555,382.2284141451553
455.56443010097195,377.3294284916226
459.30153589752905,387.23779650192495
455.19252429302935,382.2284141451553
460.9597671041306,377.3294284916226
453.833725579006,377.3294284916226
461.6329070745734,377.3294284916226
470.2172388682586,398.1757000696984
457.30195925186644,385.0774270996496
463.6248218036726,377.3294284916226
460.81022613143796,378.68361840673793
455.97184264754816,386.05484376303536
455.788695518317,377.3294284916226
457.55501125510864,382.81248282268376
463.70589025485117,382.2284141451553
456.1646938147259,382.81248282268376
462.2767862138214,387.23779650192495
456.50245935673314,377.3294284916226
456.0416799212619,377.3294284916226
465.48165625200187,382.2284141451553
467.83403999897797,377.3294284916226
458.7674508542864,377.3294284916226
457.35676079925014,382.81248282268376
462.0034412227947,377.3294284916226
461.13538282012155,387.23779650192495
455.5574139531556,377.3294284916226
455.36334790049614,377.3294284916226
455.80255448814876,381.1705063588748
462.98840341150253,377.3294284916226
460.72308258235296,392.7208508329861
458.62705566123174,377.3294284916226
463.6131036024278,377.3294284916226
458.23436269038143,382.2284141451553
466.22003887384113,390.4277014616714
457.99111816588726,382.2284141451553
463.04424772883095,382.2284141451553
456.0459956756206,377.3294284916226
460.86333995937804,377.3294284916226
458.6039301646082,373.05854848837555
461.0129020058284,377.3294284916226
455.9646407009133,377.3294284916226
449.6762136905584,377.3294284916226
458.72332647924,382.2284141451553
454.7214398498577,377.3294284916226
461.7298538346278,378.68361840673793
455.0955321934514,382.2284141451553
457.3760640777911,377.3294284916226
454.51910497479554,377.3294284916226
460.53309166206475,382.2284141451553
455.88603521650236,368.7752503964356
463.6244809660477,381.8735233664844
457.06355039708507,382.537131877669
462.51181272751705,382.2284141451553
465.0238431996736,377.3294284916226
454.0847928577654,381.89339703523007
456.48141253479827,373.4810785442744
461.0331091117772,377.3294284916226
453.79743391162805,373.6742360499683
453.46235324805986,377.3294284916226
460.38632982280274,373.6742360499683
456.52842984405606,385.0774270996496
449.92007064544873,378.68361840673793
457.6877533057302,373.6742360499683
459.7860751926503,377.3294284916226
454.6298362166963,382.2284141451553
457.8492155128843,388.19480137989797
454.83147468571207,377.3294284916226
460.33048540974056,387.23779650192495
460.17606683731304,377.3294284916226
464.5233698315605,386.05484376303536
454.0721146827923,382.2284141451553
453.75595810044376,382.2284141451553
460.37882747407076,382.2284141451553
460.1206326852865,377.3294284916226
458.4139222598675,373.6742360499683
458.53591013795267,377.3294284916226
455.28284517017556,389.72468445406173
456.75297823941634,381.8735233664844
453.8727334315106,377.3294284916226
454.631392530477,377.3294284916226
459.59558365455564,382.2284141451553
467.48655480952164,377.3294284916226
459.6327013655531,368.7752503964356
462.27414171927177,390.4277014616714
459.9843816588574,377.3294284916226
464.2356259397926,377.3294284916226
455.267209457904,377.3294284916226
460.76336264682936,377.3294284916226
455.2532874939873,377.3294284916226
451.66227444945434,382.2284141451553
464.70687440116984,377.3294284916226
454.83474667049995,382.2284141451553
463.3860327096653,377.3294284916226
459.6464661338126,377.3294284916226
457.1547250290353,377.3294284916226
454.2587602113275,377.3294284916226
450.98404079455975,377.3294284916226
454.69862846061943,373.6742360499683
454.5898235590612,377.3294284916226
455.2600096429029,377.3294284916226
458.0112365708317,382.2284141451553
455.42852851098485,382.2284141451553
458.73631936703316,382.2284141451553
464.1322775577997,373.6742360499683
447.0559844614971,378.68361840673793
453.8850107606111,382.2284141451553
449.1157097922496,377.3294284916226
453.13189307377286,382.2284141451553
448.4129353926561,377.3294284916226
454.01337985048355,382.2284141451553
458.1266787315202,363.57271053397204
453.2335339139427,382.2284141451553
457.17301378910497,377.3294284916226
456.4817282058702,377.3294284916226
461.8500886697118,377.3294284916226
457.591962272063,387.23779650192495
450.58894320803387,377.3294284916226
457.0947926731827,390.7614587016894
457.1286984486742,377.3294284916226
461.22244352816494,377.3294284916226
464.03340681013464,387.23779650192495
452.30955351835496,382.2284141451553
453.9810273358628,377.3294284916226
459.35755639843853,377.3294284916226
461.8346039897413,382.2284141451553
464.8587188368253,382.2284141451553
453.39258788287793,377.3294284916226
457.92743192295615,377.3294284916226
455.9518604275605,368.7752503964356
451.8199657110696,382.2284141451553
456.9798776592707,377.3294284916226
453.12922462702664,377.3294284916226
454.4697346825021,377.3294284916226
450.22346176681066,377.3294284916226
457.65576956578013,386.05484376303536
458.1850849292951,377.3294284916226
453.18625380081704,368.7752503964356
460.9474109206374,377.3294284916226
460.5067167382653,387.2173847165122
451.74296392087274,377.3294284916226
451.0388773794159,368.7752503964356
455.7432741245338,382.2284141451553
457.13789219829016,377.7095827608046
458.7642714945791,382.2284141451553
452.1255955838748,377.3294284916226
452.96975453531866,377.3294284916226
451.20876436856355,382.81248282268376
455.16667621081996,377.3294284916226
451.2779148713404,368.7752503964356
450.3445341752807,377.3294284916226
451.9013285910086,377.3294284916226
446.5485316828624,377.3294284916226
449.65193471219465,377.3294284916226
450.4274165082026,377.3294284916226
451.4181711001085,377.3294284916226
446.27963841240955,377.3294284916226
454.1519965378904,386.05484376303536
445.23705163044366,377.3294284916226
446.6798803751893,377.3294284916226
443.31842422594207,373.6742360499683
450.98719708721836,377.3294284916226
450.35418374351605,382.2284141451553
452.7126404776059,377.3294284916226
443.2350854344701,382.2312314112052
452.2772700790179,377.3294284916226
453.9041510237294,377.3294284916226
451.29253943847203,368.7752503964356
450.9730135623947,377.3294284916226
455.2157173705801,377.3294284916226
446.62049013700687,377.3294284916226
454.4731163334693,377.3294284916226
452.9073635828125,377.3294284916226
450.4083609802305,377.3294284916226
451.2966347473337,377.3294284916226
449.5055570964532,377.3294284916226
450.83646794539635,377.3294284916226
448.59231651145933,382.2284141451553
444.26838244236495,377.3294284916226
453.63004008047835,382.2284141451553
451.1141343520114,377.3294284916226
450.85963538756386,377.3294284916226
450.10946539475765,377.3294284916226
444.5862620363985,382.81248282268376
440.78778359766113,377.3294284916226
442.453560935928,377.3294284916226
448.23910237539036,382.2284141451553
443.5892014892013,377.3294284916226
444.2828293707255,377.3294284916226
450.1769673800089,377.3294284916226
441.72313663030116,377.3294284916226
442.2804285872036,377.3294284916226
447.5936158818474,377.3294284916226
453.20342843006904,377.3294284916226
447.96323108095334,382.2284141451553
445.24445064497974,382.2284141451553
449.20916958663554,377.3294284916226
451.54520700386433,377.3294284916226
455.0395747589917,382.2284141451553
446.73935488261486,377.3294284916226
445.80553810217316,377.3294284916226
450.5285231669713,377.3294284916226
444.118708685078,377.3294284916226
448.1975961195793,377.3294284916226
448.3896308329783,377.3294284916226
453.80110617518403,382.81248282268376
446.0981278259917,373.6742360499683
453.9650265544359,377.3294284916226
448.31482795320966,382.2284141451553
446.04472929465084,377.3294284916226
445.47505028839055,377.3294284916226
446.8591160220954,377.3294284916226
450.8876685375268,377.3294284916226
450.3851617439167,375.66672037371126
451.95525354005173,377.3294284916226
446.3743099842527,382.2284141451553
447.86572852952116,377.3294284916226
446.9492559627912,377.3294284916226
444.5780483591389,381.1705063588748
458.09470685837897,387.71146847621645
439.6376951457928,377.3294284916226
452.80744627536626,377.3294284916226
446.0542478792187,377.3294284916226
447.0636842569452,389.72468445406173
449.3740984692545,377.3294284916226
444.9946543551198,373.6742360499683
445.88566097065416,377.3294284916226
450.9647120110193,377.3294284916226
447.9738473729595,382.2284141451553
447.12890076958064,377.3294284916226
441.64776533764217,382.2284141451553
446.21735220159593,377.3294284916226
445.6994061160144,368.7752503964356
449.4735447488598,377.3294284916226
443.180314042619,382.2284141451553
450.51044875798203,382.2284141451553
445.21046122828903,377.3294284916226
439.4092435612973,377.3294284916226
440.1375326982417,382.81248282268376
439.3428761996618,382.2284141451553
444.7291869111474,377.3294284916226
434.2483450072352,368.7752503964356
450.2017284694981,382.2284141451553
445.9087661485679,368.7752503964356
444.0131037980175,377.3294284916226
448.1746515202212,382.2284141451553
438.8294455876278,377.3294284916226
452.4765834297123,382.2284141451553
446.8194422383634,382.2284141451553
447.73211589592887,377.3294284916226
453.33466080716937,377.3294284916226
448.16792489524073,377.3294284916226
444.28761098685703,377.3294284916226
449.415537629539,377.3294284916226
453.40204743428166,377.3294284916226
452.5432127261058,382.2284141451553
446.7060802578783,382.2284141451553
450.60916309065186,382.2284141451553
447.4164683884287,382.2284141451553
442.5506608951475,377.3294284916226
442.92533954236666,382.2284141451553
448.1487359343529,382.2284141451553
444.6389745885442,377.3294284916226
452.2346877806413,373.6742360499683
441.69691559400525,382.2284141451553
440.93008823772266,382.20728060650237
452.9801828298143,377.3294284916226
446.0788263515904,377.3294284916226
449.8401113040636,382.2284141451553
445.25357515582664,373.6742360499683
448.3463106946381,377.3294284916226
443.9802817003649,377.3294284916226
447.5199258387935,377.3294284916226
442.7132473216648,377.3294284916226
446.74173964579813,377.3294284916226
448.51270514652816,377.3294284916226
440.40756350819714,382.2284141451553
444.4710002279784,382.81248282268376
456.1524460101089,382.2284141451553
451.9651214175015,382.2284141451553
450.3945301763499,382.2284141451553
448.003512947329,377.3294284916226
443.5136121227017,382.2284141451553
440.61440614739,377.3294284916226
443.27225985815016,377.3294284916226
451.33794889411917,377.3294284916226
452.29291252144276,377.3294284916226
446.2961075256701,377.3294284916226
456.7892153836169,382.2284141451553
447.31927163242085,377.3294284916226
441.9820693701209,382.2284141451553
441.5589785993203,382.2284141451553
453.0028923933847,382.2284141451553
450.12179492726284,377.3294284916226
449.52363982031005,382.2284141451553
443.19893471502894,382.2284141451553
444.30130898455775,382.2284141451553
445.51504278120956,382.2284141451553
444.6606862000094,377.3294284916226
450.73286406691113,377.3294284916226
447.597866099911,382.2284141451553
451.13745296913686,382.2284141451553
447.21154529794796,382.2284141451553
450.536627763082,377.3294284916226
446.8146156564967,377.3294284916226
448.1002975128228,382.2284141451553
449.8577422450854,377.3294284916226
450.2265486202704,382.2284141451553
453.4986897794255,377.3294284916226
448.4910689905296,377.3294284916226
443.8004765014059,377.3294284916226
444.0730662292148,382.2284141451553
443.4299222210312,373.6742360499683
450.45259571464624,387.71146847621645
441.9126784222878,382.2284141451553
450.8546881371845,382.2284141451553
445.6441185275324,382.2284141451553
445.8790342710148,382.2284141451553
446.49699490864344,377.3294284916226
442.77203543569505,387.23779650192495
445.31868608764097,377.3294284916226
443.96749950348124,382.2284141451553
446.2421697172298,382.2284141451553
441.5559548160025,382.81248282268376
446.50355713908664,377.3294284916226
450.3199427494131,386.05484376303536
447.25201037861945,377.3294284916226
443.3670043586345,377.3294284916226
448.0257152718602,377.3294284916226
443.24467203125545,377.3294284916226
440.7862663957502,377.3294284916226
443.54975560723824,382.2284141451553
441.098749880467,381.4701206640625
437.3299706772271,377.3294284916226
449.76639753391544,382.2284141451553
453.46476852464747,377.3294284916226
443.7588580001375,377.3294284916226
449.2765278994815,382.2284141451553
438.56333120859546,382.2284141451553
446.4333041185387,377.3294284916226
449.99199842855603,382.2284141451553
441.85458065256034,377.3294284916226
441.5914087139,377.3294284916226
446.8870063195589,382.2284141451553
445.73619674267763,377.3294284916226
439.1125123599123,377.3294284916226
440.98096403389746,382.2284141451553
445.7092783390562,377.3294284916226
445.6197216717253,377.3294284916226
441.4240417486776,382.2284141451553
451.1046156325038,382.2284141451553
444.78553308925876,382.2284141451553
444.383538366239,382.2284141451553
450.17432445022786,377.3294284916226
446.23811584815724,382.2284141451553
444.0404481857073,382.2284141451553
450.71970792714484,377.3294284916226
442.8696606169316,377.3294284916226
454.36089419534017,382.2284141451553
442.9563463082812,377.3294284916226
446.68782065679306,382.2284141451553
448.3912232712082,382.2284141451553
446.594558377292,382.2284141451553
450.5094897075741,377.3294284916226
442.35821754014876,377.3294284916226
445.9289321419009,382.2284141451553
441.77438191259586,382.2284141451553
444.0824424943029,382.2284141451553
435.079083084149,377.3294284916226
440.2129252523199,382.2284141451553
444.4369544069203,382.2284141451553
444.12280934189437,377.3294284916226
449.0615872643541,382.2284141451553
432.14144290569357,382.2284141451553
446.0207513535515,382.2284141451553
446.3160967370607,377.3294284916226
447.11020712116334,377.3294284916226
437.7999594811513,377.3294284916226
442.3599446673938,377.3294284916226
450.7079394796567,377.3294284916226
451.36297345684324,382.2284141451553
439.81411981320673,382.2284141451553
437.5442197361356,377.3294284916226
439.98908446841443,377.3294284916226
442.80619012045,382.2284141451553
440.1525732965687,377.3294284916226
446.04832866392843,377.3294284916226
442.6249291735214,377.3294284916226
440.1645508469638,382.2284141451553
432.43123659730145,382.2284141451553
439.0250611204587,382.2284141451553
440.70337317330006,377.3294284916226
449.5426293475393,382.81248282268376
444.5246187555131,382.2284141451553
440.3833542398341,382.2284141451553
439.1968389074507,382.2284141451553
438.3551610271928,382.2284141451553
443.46128851318156,382.2284141451553
443.81697234165847,377.3294284916226
442.947244684155,382.2284141451553
444.03126400782094,382.2284141451553
446.8733513152812,382.2284141451553
447.8976464577926,382.2284141451553
442.908593113312,382.2284141451553
449.72618475885383,382.2284141451553
445.58037505081245,377.3294284916226
438.8259809361927,382.2284141451553
433.2851484139084,377.3294284916226
444.43443895966266,382.2284141451553
446.72056989303337,382.2284141451553
448.6753390127786,382.2284141451553
439.12628451327555,382.2284141451553
438.67647204113223,382.2284141451553
438.2795685813942,382.2284141451553
441.1302851756366,382.2284141451553
439.4069177047446,382.2284141451553
439.07585234156136,382.2284141451553
434.2059242558118,377.3294284916226
439.1781296137435,377.3294284916226
442.4321999049336,377.3294284916226
440.59364183449014,377.3294284916226
437.43025826790006,382.2284141451553
440.39778866422597,382.2284141451553
435.8016355623687,382.2284141451553
446.38511814033546,382.2284141451553
439.21944816935974,382.2284141451553
434.7378650702774,382.2284141451553
434.48326336755395,382.2284141451553
444.77201844996586,382.2284141451553
441.9785245219054,377.3294284916226
438.80849396569715,377.3294284916226
444.814617650532,382.2284141451553
452.3575233324788,382.2284141451553
438.6809234446602,382.2284141451553
435.5076576783342,382.2284141451553
430.99881323462483,382.2284141451553
441.48547449241215,382.2284141451553
438.2163575813304,382.2284141451553
445.3990904195908,377.3294284916226
447.35976867979474,382.2284141451553
440.73313928950347,382.2284141451553
441.83753823557527,382.2284141451553
440.6662460157153,382.2284141451553
429.19115644675736,382.2284141451553
444.79209280096234,377.3294284916226
431.1436697068455,382.2284141451553
436.03879905960605,382.2284141451553
433.55883684060143,382.2284141451553
436.0196483458284,377.3294284916226
442.7062833789264,382.2284141451553
429.3524457989366,377.3294284916226
437.3690390642556,382.2284141451553
439.46400313487544,382.2284141451553
441.5846154339816,377.3294284916226
435.51252882275855,382.2284141451553
434.86821827652767,382.2284141451553
447.4707855302591,382.2284141451553
435.33879332700485,377.3294284916226
433.28513243640447,382.2284141451553
435.3963321096336,382.2284141451553
431.70291415563935,382.2284141451553
440.6812736093867,382.2284141451553
438.03166289797315,382.2284141451553
438.7438894919677,382.2284141451553
443.01145393657845,382.2284141451553
427.73211488033115,382.2284141451553
427.48501292140105,377.3294284916226
432.2885623117325,382.2284141451553
436.2429386075941,382.2284141451553
433.42767084321963,382.2284141451553
436.86971960278083,382.2284141451553
433.063661352679,382.2284141451553
438.87998436940785,382.2284141451553
437.4405356208294,382.2284141451553
444.469548777498,382.2284141451553
440.10190274284355,382.2284141451553
432.81122172759683,382.2284141451553
431.770247343613,377.3294284916226
431.4524932927966,382.2284141451553
431.86824352144254,382.2284141451553
427.5084272206914,382.2284141451553
438.525318825137,382.2284141451553
435.845555322534,382.2284141451553
435.1252240614091,377.3294284916226
435.2881360119347,377.3294284916226
436.38966474573493,382.2284141451553
432.1108514225377,382.2284141451553
435.31077802049526,377.3294284916226
436.453609211961,382.2284141451553
440.5192653709029,377.3294284916226
443.4631902625291,382.2284141451553
434.5826189054515,377.3294284916226
439.8887600284833,382.2284141451553
438.1284381497134,377.3294284916226
440.1062647533327,382.2284141451553
435.0528407553179,382.2284141451553
434.0827933380611,382.2284141451553
435.313720599858,382.2284141451553
436.2300684631248,377.3294284916226
433.24704923645606,377.3294284916226
435.96604712370277,382.81248282268376
428.5888776146266,382.2284141451553
429.3098683937795,382.2284141451553
441.8056699172648,382.2284141451553
433.3291242818412,387.71146847621645
426.16151155961285,382.2284141451553
427.563145467575,377.3294284916226
430.31668412005735,382.2284141451553
422.4284754374459,377.3294284916226
437.4862258270272,382.2284141451553
430.9826245890062,382.2284141451553
436.51432281318165,382.2284141451553
433.55295991586786,382.2284141451553
424.9409326059161,382.2284141451553
429.0949227258347,382.2284141451553
422.4995796952976,382.2284141451553
432.41740139413696,382.2284141451553
435.3294826661929,382.2284141451553
431.97290448280825,382.2284141451553
425.8752967961182,382.2284141451553
432.36187266209924,377.3294284916226
433.5513211814721,382.2284141451553
434.1395779477744,377.3294284916226
425.38181225887746,382.2284141451553
419.5075321679877,382.2284141451553
439.17523424518555,382.2284141451553
427.9186433145154,382.2284141451553
437.25651007650407,382.2284141451553
439.47984595377164,382.2284141451553
429.9687781704439,382.2284141451553
423.8390384087099,382.2284141451553
426.62336829302234,382.2284141451553
433.8413640503589,377.3294284916226
436.2660570873551,382.2284141451553
418.81889851765084,382.2284141451553
431.4823204058789,382.2284141451553
428.51789959996364,382.2284141451553
431.0307732090736,382.2284141451553
433.0957425591338,382.2284141451553
426.89599854793744,382.2284141451553
424.8463856016796,377.3294284916226
438.177353217036,382.2284141451553
440.56489795162054,382.2284141451553
431.6056706496225,382.2284141451553
431.02266687960554,377.3294284916226
437.7824272511647,382.2284141451553
436.528290956496,382.2284141451553
431.4058481974719,382.2284141451553
433.4061904359847,382.2284141451553
434.8085445447692,382.2284141451553
429.4213807919812,382.2284141451553
423.622836674179,382.2284141451553
432.72189611635054,382.2284141451553
426.31017415151865,382.2284141451553
423.83159135670326,382.2284141451553
416.0770928357709,377.3294284916226
417.53117943410524,382.2284141451553
423.50104389200254,382.2284141451553
424.81016694972305,377.3294284916226
415.2001776856862,382.2284141451553
428.7252343362421,382.2284141451553
424.00447320619185,382.2284141451553
422.89359699019997,382.2284141451553
423.78679119216554,382.2284141451553
429.1598133253678,382.2284141451553
424.3411924800181,382.2284141451553
424.3871105582197,382.2284141451553
434.1463735643572,382.2284141451553
423.4821611535213,382.2284141451553
424.6283914332442,382.2284141451553
435.87300928608244,382.2284141451553
426.0390347485768,382.2284141451553
419.3439668458112,382.2284141451553
416.3663746234449,382.2284141451553
426.0956793697021,382.2284141451553
430.3895418001224,382.2284141451553
425.2335210255731,382.2284141451553
415.10860043680367,382.2284141451553
424.2224929318907,382.2284141451553
426.84021036521483,382.2284141451553
416.94917345448846,382.2284141451553
425.2338019917208,382.2284141451553
422.4420809454943,382.2284141451553
417.87306238350726,382.2284141451553
420.2353329505267,382.2284141451553
421.2714226883467,377.3294284916226
422.4342129474984,382.2284141451553
426.44661415714114,382.2284141451553
414.6300716767241,382.2284141451553
420.4310092113356,382.2284141451553
414.6281537675309,382.2284141451553
417.3827843478182,377.3294284916226
420.48967159286184,377.3294284916226
415.2076431973889,382.2284141451553
418.5613842861954,382.2284141451553
411.5148063649092,382.2284141451553
413.07349452241846,382.2284141451553
422.90352255803623,382.2284141451553
418.1439506778666,382.2284141451553
415.5314106358916,382.2284141451553
419.19867904585885,382.2284141451553
415.84168417769456,382.2284141451553
421.28770777120405,382.2284141451553
416.8677584007598,382.2284141451553
418.7053036905381,382.2284141451553
419.5114426584003,382.2284141451553
419.8017606798744,382.2284141451553
416.06971872143777,382.2284141451553
414.0670705793253,382.2284141451553
420.19577147118224,382.2284141451553
419.59016902822907,382.2284141451553
417.4640351243706,382.2284141451553
419.3747304463492,382.2284141451553
423.40546159472143,382.2284141451553
417.2751885486017,382.2284141451553
415.7251767007687,382.2284141451553
419.3634506480258,382.2284141451553
424.0694110172976,382.2284141451553
411.37811020218805,382.2284141451553
420.9549623642098,382.2284141451553
412.0411708320592,382.2284141451553
413.66827460051917,382.2284141451553
416.01360481123623,382.2284141451553
420.53442400061203,382.2284141451553
420.77433985266043,382.2284141451553
414.8248426318093,382.2284141451553
419.13557406427094,382.2284141451553
418.6431191404682,382.2284141451553
420.70777382896614,382.2284141451553
417.77128122924483,382.2284141451553
406.0862749323809,382.2284141451553
416.8772817927729,382.2284141451553
416.5479315783642,382.2284141451553
415.8708560958704,382.2284141451553
408.22388603885156,382.2284141451553
421.6567367292686,382.2284141451553
414.209113314511,382.2284141451553
413.1871599072596,382.2284141451553
411.2580755918685,382.2284141451553
411.5045252396771,382.2284141451553
410.3333583246339,382.2284141451553
409.0660516321032,382.2284141451553
410.0445326149935,382.2284141451553
413.10433520134154,382.2284141451553
414.3628372541669,382.2284141451553
413.7555154203181,382.2284141451553
418.3115474813832,382.2284141451553
413.77263823173104,382.2284141451553
411.0955198267335,382.2284141451553
410.0621208180473,382.2284141451553
405.2476798567418,382.2284141451553
412.1235245270441,382.2284141451553
413.9204684874657,382.2284141451553
409.09323783206435,382.2284141451553
415.63054451289366,382.2284141451553
417.5037966771952,382.2284141451553
413.7251795775077,382.2284141451553
408.9311740320434,382.2284141451553
411.70991151268515,382.2284141451553
414.3443478174488,382.2284141451553
406.92532922402853,382.2284141451553
